Sender: LSF System <lsfadmin@up-00-02>
Subject: Job 46742322: <#!/bin/sh;#BSUB -o testBarrel2.log;eval `scram runtime -sh`;python trainingGlobal2017.py Barrel woIP wIso> Done

Job <#!/bin/sh;#BSUB -o testBarrel2.log;eval `scram runtime -sh`;python trainingGlobal2017.py Barrel woIP wIso> was submitted from host <t2-ui-12.pd.infn.it> by user <abragagn> in cluster <t2farm>.
Job was executed on host(s) <up-00-02>, in queue <local-cms-short>, as user <abragagn> in cluster <t2farm>.
</homeui/abragagn> was used as the home directory.
</lustre/cmswork/abragagn/BPH/MuonID/muonIDtraining/src/PDAnalysis/Ntu/bin/training/2017> was used as the working directory.
Started at Mon Aug 27 15:11:52 2018
Results reported at Mon Aug 27 16:29:10 2018

Your job looked like:

------------------------------------------------------------
# LSBATCH: User input
#!/bin/sh
#BSUB -o testBarrel2.log
eval `scram runtime -sh`
python trainingGlobal2017.py Barrel woIP wIso

------------------------------------------------------------

Successfully completed.

Resource usage summary:

    CPU time   :  20374.75 sec.
    Max Memory :       822 MB
    Max Swap   :      4632 MB

    Max Processes  :         5
    Max Threads    :        55

The output (if any) follows:

/bin/mkdir: cannot create directory `/lustre/cmswork/abragagn/BPH/MuonID/muonIDtraining/src/PDAnalysis/Ntu/bin/training/2017/lsf_working_dir_#!/bin/sh;#BSUB -o testBarrel2.log;eval `scram runtime -sh`;python trainingGlobal2017.py Barrel woIP wIso_46742322': No such file or directory
/sw/lsf/conf/lsbatch/t2farm/configdir/scripts/create_jobdir_local_queue.sh: line 50: cd: /lustre/cmswork/abragagn/BPH/MuonID/muonIDtraining/src/PDAnalysis/Ntu/bin/training/2017/lsf_working_dir_#!/bin/sh;#BSUB -o testBarrel2.log;eval `scram runtime -sh`;python trainingGlobal2017.py Barrel woIP wIso_46742322: No such file or directory
Using TensorFlow backend.
DataSetInfo              : [dataset] : Added class "Signal"
                         : Add Tree PDsecondTree of type Signal with 149634 events
                         : Add Tree PDsecondTree of type Signal with 17650 events
                         : Add Tree PDsecondTree of type Signal with 391 events
                         : Add Tree PDsecondTree of type Signal with 796013 events
                         : Add Tree PDsecondTree of type Signal with 3531318 events
DataSetInfo              : [dataset] : Added class "Background"
                         : Add Tree PDsecondTree of type Background with 149634 events
                         : Add Tree PDsecondTree of type Background with 17650 events
                         : Add Tree PDsecondTree of type Background with 391 events
                         : Add Tree PDsecondTree of type Background with 796013 events
                         : Add Tree PDsecondTree of type Background with 3531318 events
_________________________________________________________________
Layer (type)                 Output Shape              Param #   
=================================================================
dense_1 (Dense)              (None, 200)               5200      
_________________________________________________________________
dropout_1 (Dropout)          (None, 200)               0         
_________________________________________________________________
dense_2 (Dense)              (None, 200)               40200     
_________________________________________________________________
dropout_2 (Dropout)          (None, 200)               0         
_________________________________________________________________
dense_3 (Dense)              (None, 200)               40200     
_________________________________________________________________
dropout_3 (Dropout)          (None, 200)               0         
_________________________________________________________________
dense_4 (Dense)              (None, 200)               40200     
_________________________________________________________________
dropout_4 (Dropout)          (None, 200)               0         
_________________________________________________________________
dense_5 (Dense)              (None, 200)               40200     
_________________________________________________________________
dropout_5 (Dropout)          (None, 200)               0         
_________________________________________________________________
dense_6 (Dense)              (None, 2)                 402       
=================================================================
Total params: 166,402
Trainable params: 166,402
Non-trainable params: 0
_________________________________________________________________
Factory                  : Booking method: [1mDNNGlobalBarrel2017woIPwIso[0m
                         : 
DNNGlobalBarrel2017woI...: [dataset] : Create Transformation "N" with events from all classes.
                         : 
                         : Transformation, Variable selection : 
                         : Input : variable 'muoPt' <---> Output : variable 'muoPt'
                         : Input : variable 'abs(muoEta)' <---> Output : variable 'abs(muoEta)'
                         : Input : variable 'muoSegmComp' <---> Output : variable 'muoSegmComp'
                         : Input : variable 'muoChi2LM' <---> Output : variable 'muoChi2LM'
                         : Input : variable 'muoChi2LP' <---> Output : variable 'muoChi2LP'
                         : Input : variable 'muoGlbTrackTailProb' <---> Output : variable 'muoGlbTrackTailProb'
                         : Input : variable 'muoIValFrac' <---> Output : variable 'muoIValFrac'
                         : Input : variable 'muoLWH' <---> Output : variable 'muoLWH'
                         : Input : variable 'muoTrkKink' <---> Output : variable 'muoTrkKink'
                         : Input : variable 'muoGlbKinkFinderLOG' <---> Output : variable 'muoGlbKinkFinderLOG'
                         : Input : variable 'muoTimeAtIpInOutErr' <---> Output : variable 'muoTimeAtIpInOutErr'
                         : Input : variable 'muoOuterChi2' <---> Output : variable 'muoOuterChi2'
                         : Input : variable 'muoInnerChi2' <---> Output : variable 'muoInnerChi2'
                         : Input : variable 'muoTrkRelChi2' <---> Output : variable 'muoTrkRelChi2'
                         : Input : variable 'muoVMuonHitComb' <---> Output : variable 'muoVMuonHitComb'
                         : Input : variable 'muoGlbDeltaEtaPhi' <---> Output : variable 'muoGlbDeltaEtaPhi'
                         : Input : variable 'muoStaRelChi2' <---> Output : variable 'muoStaRelChi2'
                         : Input : variable 'muoTimeAtIpInOut' <---> Output : variable 'muoTimeAtIpInOut'
                         : Input : variable 'muoValPixHits' <---> Output : variable 'muoValPixHits'
                         : Input : variable 'muoNTrkVHits' <---> Output : variable 'muoNTrkVHits'
                         : Input : variable 'muoGNchi2' <---> Output : variable 'muoGNchi2'
                         : Input : variable 'muoVMuHits' <---> Output : variable 'muoVMuHits'
                         : Input : variable 'muoNumMatches' <---> Output : variable 'muoNumMatches'
                         : Input : variable 'muoQprod' <---> Output : variable 'muoQprod'
                         : Input : variable 'muoPFiso' <---> Output : variable 'muoPFiso'
DNNGlobalBarrel2017woI...: [dataset] : Create Transformation "G" with events from all classes.
                         : 
                         : Transformation, Variable selection : 
                         : Input : variable 'muoPt' <---> Output : variable 'muoPt'
                         : Input : variable 'abs(muoEta)' <---> Output : variable 'abs(muoEta)'
                         : Input : variable 'muoSegmComp' <---> Output : variable 'muoSegmComp'
                         : Input : variable 'muoChi2LM' <---> Output : variable 'muoChi2LM'
                         : Input : variable 'muoChi2LP' <---> Output : variable 'muoChi2LP'
                         : Input : variable 'muoGlbTrackTailProb' <---> Output : variable 'muoGlbTrackTailProb'
                         : Input : variable 'muoIValFrac' <---> Output : variable 'muoIValFrac'
                         : Input : variable 'muoTrkKink' <---> Output : variable 'muoTrkKink'
                         : Input : variable 'muoGlbKinkFinderLOG' <---> Output : variable 'muoGlbKinkFinderLOG'
                         : Input : variable 'muoTimeAtIpInOutErr' <---> Output : variable 'muoTimeAtIpInOutErr'
                         : Input : variable 'muoOuterChi2' <---> Output : variable 'muoOuterChi2'
                         : Input : variable 'muoInnerChi2' <---> Output : variable 'muoInnerChi2'
                         : Input : variable 'muoTrkRelChi2' <---> Output : variable 'muoTrkRelChi2'
                         : Input : variable 'muoGlbDeltaEtaPhi' <---> Output : variable 'muoGlbDeltaEtaPhi'
                         : Input : variable 'muoStaRelChi2' <---> Output : variable 'muoStaRelChi2'
                         : Input : variable 'muoTimeAtIpInOut' <---> Output : variable 'muoTimeAtIpInOut'
                         : Input : variable 'muoGNchi2' <---> Output : variable 'muoGNchi2'
                         : Input : variable 'muoNumMatches' <---> Output : variable 'muoNumMatches'
                         : Input : variable 'muoPFiso' <---> Output : variable 'muoPFiso'
DNNGlobalBarrel2017woI...: [dataset] : Create Transformation "N" with events from all classes.
                         : 
                         : Transformation, Variable selection : 
                         : Input : variable 'muoPt' <---> Output : variable 'muoPt'
                         : Input : variable 'abs(muoEta)' <---> Output : variable 'abs(muoEta)'
                         : Input : variable 'muoSegmComp' <---> Output : variable 'muoSegmComp'
                         : Input : variable 'muoChi2LM' <---> Output : variable 'muoChi2LM'
                         : Input : variable 'muoChi2LP' <---> Output : variable 'muoChi2LP'
                         : Input : variable 'muoGlbTrackTailProb' <---> Output : variable 'muoGlbTrackTailProb'
                         : Input : variable 'muoIValFrac' <---> Output : variable 'muoIValFrac'
                         : Input : variable 'muoLWH' <---> Output : variable 'muoLWH'
                         : Input : variable 'muoTrkKink' <---> Output : variable 'muoTrkKink'
                         : Input : variable 'muoGlbKinkFinderLOG' <---> Output : variable 'muoGlbKinkFinderLOG'
                         : Input : variable 'muoTimeAtIpInOutErr' <---> Output : variable 'muoTimeAtIpInOutErr'
                         : Input : variable 'muoOuterChi2' <---> Output : variable 'muoOuterChi2'
                         : Input : variable 'muoInnerChi2' <---> Output : variable 'muoInnerChi2'
                         : Input : variable 'muoTrkRelChi2' <---> Output : variable 'muoTrkRelChi2'
                         : Input : variable 'muoVMuonHitComb' <---> Output : variable 'muoVMuonHitComb'
                         : Input : variable 'muoGlbDeltaEtaPhi' <---> Output : variable 'muoGlbDeltaEtaPhi'
                         : Input : variable 'muoStaRelChi2' <---> Output : variable 'muoStaRelChi2'
                         : Input : variable 'muoTimeAtIpInOut' <---> Output : variable 'muoTimeAtIpInOut'
                         : Input : variable 'muoValPixHits' <---> Output : variable 'muoValPixHits'
                         : Input : variable 'muoNTrkVHits' <---> Output : variable 'muoNTrkVHits'
                         : Input : variable 'muoGNchi2' <---> Output : variable 'muoGNchi2'
                         : Input : variable 'muoVMuHits' <---> Output : variable 'muoVMuHits'
                         : Input : variable 'muoNumMatches' <---> Output : variable 'muoNumMatches'
                         : Input : variable 'muoQprod' <---> Output : variable 'muoQprod'
                         : Input : variable 'muoPFiso' <---> Output : variable 'muoPFiso'
                         : Load model from file: modelBarrel17woIPwIso.h5
Factory                  : Booking method: [1mDNNPTGlobalBarrel2017woIPwIso[0m
                         : 
DNNPTGlobalBarrel2017w...: [dataset] : Create Transformation "N" with events from all classes.
                         : 
                         : Transformation, Variable selection : 
                         : Input : variable 'muoPt' <---> Output : variable 'muoPt'
                         : Input : variable 'abs(muoEta)' <---> Output : variable 'abs(muoEta)'
                         : Input : variable 'muoSegmComp' <---> Output : variable 'muoSegmComp'
                         : Input : variable 'muoChi2LM' <---> Output : variable 'muoChi2LM'
                         : Input : variable 'muoChi2LP' <---> Output : variable 'muoChi2LP'
                         : Input : variable 'muoGlbTrackTailProb' <---> Output : variable 'muoGlbTrackTailProb'
                         : Input : variable 'muoIValFrac' <---> Output : variable 'muoIValFrac'
                         : Input : variable 'muoLWH' <---> Output : variable 'muoLWH'
                         : Input : variable 'muoTrkKink' <---> Output : variable 'muoTrkKink'
                         : Input : variable 'muoGlbKinkFinderLOG' <---> Output : variable 'muoGlbKinkFinderLOG'
                         : Input : variable 'muoTimeAtIpInOutErr' <---> Output : variable 'muoTimeAtIpInOutErr'
                         : Input : variable 'muoOuterChi2' <---> Output : variable 'muoOuterChi2'
                         : Input : variable 'muoInnerChi2' <---> Output : variable 'muoInnerChi2'
                         : Input : variable 'muoTrkRelChi2' <---> Output : variable 'muoTrkRelChi2'
                         : Input : variable 'muoVMuonHitComb' <---> Output : variable 'muoVMuonHitComb'
                         : Input : variable 'muoGlbDeltaEtaPhi' <---> Output : variable 'muoGlbDeltaEtaPhi'
                         : Input : variable 'muoStaRelChi2' <---> Output : variable 'muoStaRelChi2'
                         : Input : variable 'muoTimeAtIpInOut' <---> Output : variable 'muoTimeAtIpInOut'
                         : Input : variable 'muoValPixHits' <---> Output : variable 'muoValPixHits'
                         : Input : variable 'muoNTrkVHits' <---> Output : variable 'muoNTrkVHits'
                         : Input : variable 'muoGNchi2' <---> Output : variable 'muoGNchi2'
                         : Input : variable 'muoVMuHits' <---> Output : variable 'muoVMuHits'
                         : Input : variable 'muoNumMatches' <---> Output : variable 'muoNumMatches'
                         : Input : variable 'muoQprod' <---> Output : variable 'muoQprod'
                         : Input : variable 'muoPFiso' <---> Output : variable 'muoPFiso'
DNNPTGlobalBarrel2017w...: [dataset] : Create Transformation "G" with events from all classes.
                         : 
                         : Transformation, Variable selection : 
                         : Input : variable 'muoPt' <---> Output : variable 'muoPt'
                         : Input : variable 'abs(muoEta)' <---> Output : variable 'abs(muoEta)'
                         : Input : variable 'muoSegmComp' <---> Output : variable 'muoSegmComp'
                         : Input : variable 'muoChi2LM' <---> Output : variable 'muoChi2LM'
                         : Input : variable 'muoChi2LP' <---> Output : variable 'muoChi2LP'
                         : Input : variable 'muoGlbTrackTailProb' <---> Output : variable 'muoGlbTrackTailProb'
                         : Input : variable 'muoIValFrac' <---> Output : variable 'muoIValFrac'
                         : Input : variable 'muoTrkKink' <---> Output : variable 'muoTrkKink'
                         : Input : variable 'muoGlbKinkFinderLOG' <---> Output : variable 'muoGlbKinkFinderLOG'
                         : Input : variable 'muoTimeAtIpInOutErr' <---> Output : variable 'muoTimeAtIpInOutErr'
                         : Input : variable 'muoOuterChi2' <---> Output : variable 'muoOuterChi2'
                         : Input : variable 'muoInnerChi2' <---> Output : variable 'muoInnerChi2'
                         : Input : variable 'muoTrkRelChi2' <---> Output : variable 'muoTrkRelChi2'
                         : Input : variable 'muoGlbDeltaEtaPhi' <---> Output : variable 'muoGlbDeltaEtaPhi'
                         : Input : variable 'muoStaRelChi2' <---> Output : variable 'muoStaRelChi2'
                         : Input : variable 'muoTimeAtIpInOut' <---> Output : variable 'muoTimeAtIpInOut'
                         : Input : variable 'muoGNchi2' <---> Output : variable 'muoGNchi2'
                         : Input : variable 'muoNumMatches' <---> Output : variable 'muoNumMatches'
                         : Input : variable 'muoPFiso' <---> Output : variable 'muoPFiso'
DNNPTGlobalBarrel2017w...: [dataset] : Create Transformation "N" with events from all classes.
                         : 
                         : Transformation, Variable selection : 
                         : Input : variable 'muoPt' <---> Output : variable 'muoPt'
                         : Input : variable 'abs(muoEta)' <---> Output : variable 'abs(muoEta)'
                         : Input : variable 'muoSegmComp' <---> Output : variable 'muoSegmComp'
                         : Input : variable 'muoChi2LM' <---> Output : variable 'muoChi2LM'
                         : Input : variable 'muoChi2LP' <---> Output : variable 'muoChi2LP'
                         : Input : variable 'muoGlbTrackTailProb' <---> Output : variable 'muoGlbTrackTailProb'
                         : Input : variable 'muoIValFrac' <---> Output : variable 'muoIValFrac'
                         : Input : variable 'muoLWH' <---> Output : variable 'muoLWH'
                         : Input : variable 'muoTrkKink' <---> Output : variable 'muoTrkKink'
                         : Input : variable 'muoGlbKinkFinderLOG' <---> Output : variable 'muoGlbKinkFinderLOG'
                         : Input : variable 'muoTimeAtIpInOutErr' <---> Output : variable 'muoTimeAtIpInOutErr'
                         : Input : variable 'muoOuterChi2' <---> Output : variable 'muoOuterChi2'
                         : Input : variable 'muoInnerChi2' <---> Output : variable 'muoInnerChi2'
                         : Input : variable 'muoTrkRelChi2' <---> Output : variable 'muoTrkRelChi2'
                         : Input : variable 'muoVMuonHitComb' <---> Output : variable 'muoVMuonHitComb'
                         : Input : variable 'muoGlbDeltaEtaPhi' <---> Output : variable 'muoGlbDeltaEtaPhi'
                         : Input : variable 'muoStaRelChi2' <---> Output : variable 'muoStaRelChi2'
                         : Input : variable 'muoTimeAtIpInOut' <---> Output : variable 'muoTimeAtIpInOut'
                         : Input : variable 'muoValPixHits' <---> Output : variable 'muoValPixHits'
                         : Input : variable 'muoNTrkVHits' <---> Output : variable 'muoNTrkVHits'
                         : Input : variable 'muoGNchi2' <---> Output : variable 'muoGNchi2'
                         : Input : variable 'muoVMuHits' <---> Output : variable 'muoVMuHits'
                         : Input : variable 'muoNumMatches' <---> Output : variable 'muoNumMatches'
                         : Input : variable 'muoQprod' <---> Output : variable 'muoQprod'
                         : Input : variable 'muoPFiso' <---> Output : variable 'muoPFiso'
WARNING:tensorflow:Variable *= will be deprecated. Use variable.assign_mul if you want assignment to the variable value or 'x = x * y' if you want a new python Tensor object.
                         : Load model from file: preTrainedModels/TrainedModel_DNNGlobalBarrel2016woIPwIso.h5
Factory                  : Booking method: [1mBDTGlobalBarrel2017woIPwIso[0m
                         : 
DataSetFactory           : [dataset] : Number of events in input trees
                         : Dataset[dataset] :     Signal     requirement: "muoPt>=2&&(muoEvt%10)<8&&abs(muoEta)<1.2&&abs(muoLund)==13&&muoAncestor>=0"
                         : Dataset[dataset] :     Signal          -- number of events passed: 1176847  / sum of weights: 1.17685e+06
                         : Dataset[dataset] :     Signal          -- efficiency             : 0.249031
                         : Dataset[dataset] :     Background requirement: "muoPt>=2&&(muoEvt%10)<8&&abs(muoEta)<1.2&&abs(muoLund)!=13"
                         : Dataset[dataset] :     Background      -- number of events passed: 40647  / sum of weights: 40647
                         : Dataset[dataset] :     Background      -- efficiency             : 0.00860126
                         : Dataset[dataset] :  you have opted for interpreting the requested number of training/testing events
                         :  to be the number of events AFTER your preselection cuts
                         : 
                         : Dataset[dataset] :  you have opted for interpreting the requested number of training/testing events
                         :  to be the number of events AFTER your preselection cuts
                         : 
                         : Number of training and testing events
                         : ---------------------------------------------------------------------------
                         : Signal     -- training events            : 40000
                         : Signal     -- testing events             : 40000
                         : Signal     -- training and testing events: 80000
                         : Dataset[dataset] : Signal     -- due to the preselection a scaling factor has been applied to the numbers of requested events: 0.249031
                         : Background -- training events            : 20000
                         : Background -- testing events             : 20000
                         : Background -- training and testing events: 40000
                         : Dataset[dataset] : Background -- due to the preselection a scaling factor has been applied to the numbers of requested events: 0.00860126
                         : 
DataSetInfo              : Correlation matrix (Signal):
                         : ------------------------------------------------------------------------------------------------------------------------------------------------------------------------------------------------------------------------------------------------------------------------------------------------------------------------------------------------------------
                         :                        muoPt abs(muoEta) muoSegmComp muoChi2LM muoChi2LP muoGlbTrackTailProb muoIValFrac  muoLWH muoTrkKink muoGlbKinkFinderLOG muoTimeAtIpInOutErr muoOuterChi2 muoInnerChi2 muoTrkRelChi2 muoVMuonHitComb muoGlbDeltaEtaPhi muoStaRelChi2 muoTimeAtIpInOut muoValPixHits muoNTrkVHits muoGNchi2 muoVMuHits muoNumMatches muoQprod muoPFiso
                         :               muoPt:  +1.000      -0.035      +0.142    -0.031    +0.011              +0.005      +0.012  +0.019     -0.026              -0.109              -0.128       -0.084       +0.015        +0.142          +0.241            -0.370        +0.103           +0.090        -0.010       +0.012    -0.015     +0.247        +0.280   +0.068   -0.027
                         :         abs(muoEta):  -0.035      +1.000      -0.062    +0.023    -0.014              +0.009      +0.027  -0.408     +0.024              +0.050              +0.335       +0.024       +0.031        +0.007          -0.028            +0.085        +0.037           +0.091        +0.019       -0.251    -0.006     -0.241        -0.101   -0.125   -0.024
                         :         muoSegmComp:  +0.142      -0.062      +1.000    -0.079    -0.092              -0.010      -0.001  +0.036     -0.008              +0.036              -0.126       -0.057       +0.004        +0.033          +0.331            -0.347        -0.028           +0.038        -0.009       +0.016    -0.003     +0.327        +0.628   +0.050   -0.011
                         :           muoChi2LM:  -0.031      +0.023      -0.079    +1.000    +0.419              +0.123      +0.005  -0.026     +0.003              -0.072              +0.109       +0.154       -0.006        +0.002          -0.264            +0.225        +0.116           +0.054        -0.002       -0.012    +0.024     -0.255        -0.126   -0.355   +0.013
                         :           muoChi2LP:  +0.011      -0.014      -0.092    +0.419    +1.000              +0.111      +0.006  +0.004     +0.005              +0.002              +0.011       +0.031       -0.001        +0.002          -0.048            +0.324        +0.220           +0.093        +0.007       +0.006    +0.018     -0.042        -0.052   -0.027   +0.017
                         : muoGlbTrackTailProb:  +0.005      +0.009      -0.010    +0.123    +0.111              +1.000      -0.039  -0.021     +0.080              +0.039              +0.003       -0.000       +0.103        +0.065          +0.007            +0.030        +0.450           +0.004        +0.004       -0.012    +0.071     +0.005        +0.003   -0.035   +0.011
                         :         muoIValFrac:  +0.012      +0.027      -0.001    +0.005    +0.006              -0.039      +1.000  +0.379     +0.015              -0.001              +0.003       +0.006       -0.007        -0.001          +0.001            -0.002        -0.005           -0.000        +0.232       +0.356    -0.004     -0.007        +0.004   -0.005   -0.006
                         :              muoLWH:  +0.019      -0.408      +0.036    -0.026    +0.004              -0.021      +0.379  +1.000     +0.026              +0.020              -0.240       -0.029       +0.001        -0.022          +0.018            -0.039        -0.022           -0.065        +0.417       +0.768    -0.003     +0.168        +0.050   +0.096   +0.011
                         :          muoTrkKink:  -0.026      +0.024      -0.008    +0.003    +0.005              +0.080      +0.015  +0.026     +1.000              +0.015              +0.018       +0.003       +0.745        +0.380          -0.003            +0.020        -0.001           -0.001        +0.038       +0.052    +0.001     -0.007        -0.007   -0.007   -0.001
                         : muoGlbKinkFinderLOG:  -0.109      +0.050      +0.036    -0.072    +0.002              +0.039      -0.001  +0.020     +0.015              +1.000              +0.247       -0.271       +0.025        -0.011          +0.403            -0.036        +0.054           -0.042        +0.037       +0.020    +0.010     +0.380        +0.156   +0.064   +0.001
                         : muoTimeAtIpInOutErr:  -0.128      +0.335      -0.126    +0.109    +0.011              +0.003      +0.003  -0.240     +0.018              +0.247              +1.000       -0.195       +0.019        +0.014          -0.143            +0.125        +0.091           -0.041        -0.001       -0.170    +0.017     -0.277        -0.191   -0.176   -0.006
                         :        muoOuterChi2:  -0.084      +0.024      -0.057    +0.154    +0.031              -0.000      +0.006  -0.029     +0.003              -0.271              -0.195       +1.000       -0.005        -0.010          -0.294            +0.202        -0.054           +0.021        -0.001       -0.015    -0.001     -0.268        -0.155   -0.148   +0.003
                         :        muoInnerChi2:  +0.015      +0.031      +0.004    -0.006    -0.001              +0.103      -0.007  +0.001     +0.745              +0.025              +0.019       -0.005       +1.000        +0.579          +0.018            -0.003        +0.007           +0.003        +0.024       +0.020    +0.002     +0.010        +0.016   -0.005   +0.000
                         :       muoTrkRelChi2:  +0.142      +0.007      +0.033    +0.002    +0.002              +0.065      -0.001  -0.022     +0.380              -0.011              +0.014       -0.010       +0.579        +1.000          +0.059            -0.076        +0.019           +0.016        -0.029       +0.063    +0.003     +0.042        +0.085   -0.016   +0.002
                         :     muoVMuonHitComb:  +0.241      -0.028      +0.331    -0.264    -0.048              +0.007      +0.001  +0.018     -0.003              +0.403              -0.143       -0.294       +0.018        +0.059          +1.000            -0.445        -0.002           +0.072        -0.008       -0.002    -0.021     +0.944        +0.693   +0.237   -0.020
                         :   muoGlbDeltaEtaPhi:  -0.370      +0.085      -0.347    +0.225    +0.324              +0.030      -0.002  -0.039     +0.020              -0.036              +0.125       +0.202       -0.003        -0.076          -0.445            +1.000        -0.010           -0.078        +0.004       -0.011    +0.036     -0.439        -0.483   -0.136   +0.024
                         :       muoStaRelChi2:  +0.103      +0.037      -0.028    +0.116    +0.220              +0.450      -0.005  -0.022     -0.001              +0.054              +0.091       -0.054       +0.007        +0.019          -0.002            -0.010        +1.000           +0.005        -0.002       -0.016    +0.019     -0.012        -0.004   -0.026   +0.003
                         :    muoTimeAtIpInOut:  +0.090      +0.091      +0.038    +0.054    +0.093              +0.004      -0.000  -0.065     -0.001              -0.042              -0.041       +0.021       +0.003        +0.016          +0.072            -0.078        +0.005           +1.000        -0.001       -0.047    -0.005     +0.043        +0.103   -0.030   -0.012
                         :       muoValPixHits:  -0.010      +0.019      -0.009    -0.002    +0.007              +0.004      +0.232  +0.417     +0.038              +0.037              -0.001       -0.001       +0.024        -0.029          -0.008            +0.004        -0.002           -0.001        +1.000       +0.353    +0.011     -0.011        -0.012   +0.005   -0.004
                         :        muoNTrkVHits:  +0.012      -0.251      +0.016    -0.012    +0.006              -0.012      +0.356  +0.768     +0.052              +0.020              -0.170       -0.015       +0.020        +0.063          -0.002            -0.011        -0.016           -0.047        +0.353       +1.000    -0.004     +0.103        +0.015   +0.062   +0.005
                         :           muoGNchi2:  -0.015      -0.006      -0.003    +0.024    +0.018              +0.071      -0.004  -0.003     +0.001              +0.010              +0.017       -0.001       +0.002        +0.003          -0.021            +0.036        +0.019           -0.005        +0.011       -0.004    +1.000     -0.021        -0.020   -0.013   +0.004
                         :          muoVMuHits:  +0.247      -0.241      +0.327    -0.255    -0.042              +0.005      -0.007  +0.168     -0.007              +0.380              -0.277       -0.268       +0.010        +0.042          +0.944            -0.439        -0.012           +0.043        -0.011       +0.103    -0.021     +1.000        +0.674   +0.239   -0.015
                         :       muoNumMatches:  +0.280      -0.101      +0.628    -0.126    -0.052              +0.003      +0.004  +0.050     -0.007              +0.156              -0.191       -0.155       +0.016        +0.085          +0.693            -0.483        -0.004           +0.103        -0.012       +0.015    -0.020     +0.674        +1.000   +0.104   -0.021
                         :            muoQprod:  +0.068      -0.125      +0.050    -0.355    -0.027              -0.035      -0.005  +0.096     -0.007              +0.064              -0.176       -0.148       -0.005        -0.016          +0.237            -0.136        -0.026           -0.030        +0.005       +0.062    -0.013     +0.239        +0.104   +1.000   +0.003
                         :            muoPFiso:  -0.027      -0.024      -0.011    +0.013    +0.017              +0.011      -0.006  +0.011     -0.001              +0.001              -0.006       +0.003       +0.000        +0.002          -0.020            +0.024        +0.003           -0.012        -0.004       +0.005    +0.004     -0.015        -0.021   +0.003   +1.000
                         : ------------------------------------------------------------------------------------------------------------------------------------------------------------------------------------------------------------------------------------------------------------------------------------------------------------------------------------------------------------
DataSetInfo              : Correlation matrix (Background):
                         : ------------------------------------------------------------------------------------------------------------------------------------------------------------------------------------------------------------------------------------------------------------------------------------------------------------------------------------------------------------
                         :                        muoPt abs(muoEta) muoSegmComp muoChi2LM muoChi2LP muoGlbTrackTailProb muoIValFrac  muoLWH muoTrkKink muoGlbKinkFinderLOG muoTimeAtIpInOutErr muoOuterChi2 muoInnerChi2 muoTrkRelChi2 muoVMuonHitComb muoGlbDeltaEtaPhi muoStaRelChi2 muoTimeAtIpInOut muoValPixHits muoNTrkVHits muoGNchi2 muoVMuHits muoNumMatches muoQprod muoPFiso
                         :               muoPt:  +1.000      -0.113      -0.127    +0.252    +0.287              +0.203      +0.050  +0.083     +0.003              -0.056              -0.117       -0.002       +0.022        +0.127          +0.128            -0.240        +0.130           +0.035        +0.043       +0.065    -0.028     +0.159        +0.142   -0.056   -0.017
                         :         abs(muoEta):  -0.113      +1.000      -0.040    -0.017    -0.046              -0.031      +0.008  -0.287     -0.005              +0.121              +0.305       +0.008       -0.006        -0.010          +0.036            +0.097        -0.002           +0.098        +0.039       -0.200    -0.041     -0.151        -0.079   -0.109   -0.030
                         :         muoSegmComp:  -0.127      -0.040      +1.000    -0.283    -0.283              -0.184      -0.020  -0.014     +0.097              +0.073              +0.034       -0.138       +0.097        +0.013          +0.282            -0.316        -0.046           +0.002        -0.090       -0.013    -0.043     +0.283        +0.648   +0.198   +0.007
                         :           muoChi2LM:  +0.252      -0.017      -0.283    +1.000    +0.506              +0.742      +0.034  +0.044     -0.056              +0.034              -0.051       +0.090       -0.047        +0.019          -0.120            +0.179        +0.126           -0.071        +0.055       +0.044    +0.143     -0.113        -0.186   -0.432   -0.026
                         :           muoChi2LP:  +0.287      -0.046      -0.283    +0.506    +1.000              +0.368      +0.022  +0.037     -0.054              +0.001              -0.056       +0.068       -0.044        +0.028          -0.060            +0.314        +0.086           -0.019        +0.042       +0.035    +0.052     -0.055        -0.170   -0.153   -0.014
                         : muoGlbTrackTailProb:  +0.203      -0.031      -0.184    +0.742    +0.368              +1.000      +0.022  +0.040     -0.006              +0.162              +0.024       -0.035       +0.003        +0.036          +0.022            +0.113        +0.296           -0.073        +0.035       +0.040    +0.135     +0.031        -0.102   -0.254   -0.018
                         :         muoIValFrac:  +0.050      +0.008      -0.020    +0.034    +0.022              +0.022      +1.000  +0.766     +0.105              +0.003              -0.008       +0.028       +0.031        +0.021          -0.010            +0.001        +0.010           -0.011        +0.335       +0.721    +0.004     -0.015        -0.014   -0.018   -0.048
                         :              muoLWH:  +0.083      -0.287      -0.014    +0.044    +0.037              +0.040      +0.766  +1.000     +0.126              -0.033              -0.149       +0.028       +0.066        +0.030          -0.033            -0.035        +0.010           -0.041        +0.458       +0.879    +0.015     +0.052        +0.012   +0.026   -0.036
                         :          muoTrkKink:  +0.003      -0.005      +0.097    -0.056    -0.054              -0.006      +0.105  +0.126     +1.000              -0.000              -0.001       -0.028       +0.828        +0.448          +0.054            -0.087        -0.008           +0.014        +0.104       +0.127    -0.021     +0.061        +0.112   +0.043   +0.006
                         : muoGlbKinkFinderLOG:  -0.056      +0.121      +0.073    +0.034    +0.001              +0.162      +0.003  -0.033     -0.000              +1.000              +0.477       -0.368       +0.018        +0.013          +0.519            +0.057        +0.020           -0.094        +0.039       -0.021    +0.110     +0.469        +0.119   +0.035   +0.006
                         : muoTimeAtIpInOutErr:  -0.117      +0.305      +0.034    -0.051    -0.056              +0.024      -0.008  -0.149     -0.001              +0.477              +1.000       -0.288       +0.002        -0.002          +0.119            +0.050        +0.007           -0.028        -0.008       -0.119    +0.029     +0.004        -0.026   -0.031   -0.010
                         :        muoOuterChi2:  -0.002      +0.008      -0.138    +0.090    +0.068              -0.035      +0.028  +0.028     -0.028              -0.368              -0.288       +1.000       -0.033        -0.016          -0.337            +0.110        -0.008           +0.023        +0.039       +0.029    -0.025     -0.319        -0.160   -0.125   +0.002
                         :        muoInnerChi2:  +0.022      -0.006      +0.097    -0.047    -0.044              +0.003      +0.031  +0.066     +0.828              +0.018              +0.002       -0.033       +1.000        +0.577          +0.069            -0.090        -0.012           +0.013        +0.050       +0.063    -0.020     +0.077        +0.118   +0.043   +0.007
                         :       muoTrkRelChi2:  +0.127      -0.010      +0.013    +0.019    +0.028              +0.036      +0.021  +0.030     +0.448              +0.013              -0.002       -0.016       +0.577        +1.000          +0.067            -0.057        +0.003           +0.008        +0.037       +0.076    -0.009     +0.066        +0.083   +0.000   +0.001
                         :     muoVMuonHitComb:  +0.128      +0.036      +0.282    -0.120    -0.060              +0.022      -0.010  -0.033     +0.054              +0.519              +0.119       -0.337       +0.069        +0.067          +1.000            -0.246        -0.026           +0.092        -0.040       -0.028    -0.019     +0.950        +0.545   +0.228   +0.016
                         :   muoGlbDeltaEtaPhi:  -0.240      +0.097      -0.316    +0.179    +0.314              +0.113      +0.001  -0.035     -0.087              +0.057              +0.050       +0.110       -0.090        -0.057          -0.246            +1.000        +0.018           -0.098        +0.070       -0.022    +0.086     -0.285        -0.420   -0.095   -0.023
