Sender: LSF System <lsfadmin@wl-07-03>
Subject: Job 46735424: <#!/bin/sh;#BSUB -o testBarrel3.log;eval `scram runtime -sh`;python trainingGlobal2016.py Barrel wIP woIso> Done

Job <#!/bin/sh;#BSUB -o testBarrel3.log;eval `scram runtime -sh`;python trainingGlobal2016.py Barrel wIP woIso> was submitted from host <t2-ui-12.pd.infn.it> by user <abragagn> in cluster <t2farm>.
Job was executed on host(s) <wl-07-03>, in queue <local-cms-long>, as user <abragagn> in cluster <t2farm>.
</homeui/abragagn> was used as the home directory.
</lustre/cmswork/abragagn/BPH/MuonID/muonIDtraining/src/PDAnalysis/Ntu/bin/training/2016> was used as the working directory.
Started at Mon Aug 27 11:47:53 2018
Results reported at Mon Aug 27 13:30:57 2018

Your job looked like:

------------------------------------------------------------
# LSBATCH: User input
#!/bin/sh
#BSUB -o testBarrel3.log
eval `scram runtime -sh`
python trainingGlobal2016.py Barrel wIP woIso

------------------------------------------------------------

Successfully completed.

Resource usage summary:

    CPU time   :  11824.40 sec.
    Max Memory :      1140 MB
    Max Swap   :      3988 MB

    Max Processes  :         5
    Max Threads    :        39

The output (if any) follows:

/bin/mkdir: cannot create directory `/lustre/cmswork/abragagn/BPH/MuonID/muonIDtraining/src/PDAnalysis/Ntu/bin/training/2016/lsf_working_dir_#!/bin/sh;#BSUB -o testBarrel3.log;eval `scram runtime -sh`;python trainingGlobal2016.py Barrel wIP woIso_46735424': No such file or directory
/sw/lsf/conf/lsbatch/t2farm/configdir/scripts/create_jobdir_local_queue.sh: line 50: cd: /lustre/cmswork/abragagn/BPH/MuonID/muonIDtraining/src/PDAnalysis/Ntu/bin/training/2016/lsf_working_dir_#!/bin/sh;#BSUB -o testBarrel3.log;eval `scram runtime -sh`;python trainingGlobal2016.py Barrel wIP woIso_46735424: No such file or directory
Using TensorFlow backend.
DataSetInfo              : [dataset] : Added class "Signal"
                         : Add Tree PDsecondTree of type Signal with 1403375 events
                         : Add Tree PDsecondTree of type Signal with 17918 events
                         : Add Tree PDsecondTree of type Signal with 24671 events
                         : Add Tree PDsecondTree of type Signal with 1059887 events
                         : Add Tree PDsecondTree of type Signal with 4251925 events
DataSetInfo              : [dataset] : Added class "Background"
                         : Add Tree PDsecondTree of type Background with 1403375 events
                         : Add Tree PDsecondTree of type Background with 17918 events
                         : Add Tree PDsecondTree of type Background with 24671 events
                         : Add Tree PDsecondTree of type Background with 1059887 events
                         : Add Tree PDsecondTree of type Background with 4251925 events
_________________________________________________________________
Layer (type)                 Output Shape              Param #   
=================================================================
dense_1 (Dense)              (None, 200)               5400      
_________________________________________________________________
dropout_1 (Dropout)          (None, 200)               0         
_________________________________________________________________
dense_2 (Dense)              (None, 200)               40200     
_________________________________________________________________
dropout_2 (Dropout)          (None, 200)               0         
_________________________________________________________________
dense_3 (Dense)              (None, 200)               40200     
_________________________________________________________________
dropout_3 (Dropout)          (None, 200)               0         
_________________________________________________________________
dense_4 (Dense)              (None, 200)               40200     
_________________________________________________________________
dropout_4 (Dropout)          (None, 200)               0         
_________________________________________________________________
dense_5 (Dense)              (None, 200)               40200     
_________________________________________________________________
dropout_5 (Dropout)          (None, 200)               0         
_________________________________________________________________
dense_6 (Dense)              (None, 2)                 402       
=================================================================
Total params: 166,602
Trainable params: 166,602
Non-trainable params: 0
_________________________________________________________________
Factory                  : Booking method: [1mDNNGlobalBarrel2016wIPwoIso[0m
                         : 
DNNGlobalBarrel2016wIP...: [dataset] : Create Transformation "N" with events from all classes.
                         : 
                         : Transformation, Variable selection : 
                         : Input : variable 'muoPt' <---> Output : variable 'muoPt'
                         : Input : variable 'abs(muoEta)' <---> Output : variable 'abs(muoEta)'
                         : Input : variable 'muoSegmComp' <---> Output : variable 'muoSegmComp'
                         : Input : variable 'muoChi2LM' <---> Output : variable 'muoChi2LM'
                         : Input : variable 'muoChi2LP' <---> Output : variable 'muoChi2LP'
                         : Input : variable 'muoGlbTrackTailProb' <---> Output : variable 'muoGlbTrackTailProb'
                         : Input : variable 'muoIValFrac' <---> Output : variable 'muoIValFrac'
                         : Input : variable 'muoLWH' <---> Output : variable 'muoLWH'
                         : Input : variable 'muoTrkKink' <---> Output : variable 'muoTrkKink'
                         : Input : variable 'muoGlbKinkFinderLOG' <---> Output : variable 'muoGlbKinkFinderLOG'
                         : Input : variable 'muoTimeAtIpInOutErr' <---> Output : variable 'muoTimeAtIpInOutErr'
                         : Input : variable 'muoOuterChi2' <---> Output : variable 'muoOuterChi2'
                         : Input : variable 'muoInnerChi2' <---> Output : variable 'muoInnerChi2'
                         : Input : variable 'muoTrkRelChi2' <---> Output : variable 'muoTrkRelChi2'
                         : Input : variable 'muoVMuonHitComb' <---> Output : variable 'muoVMuonHitComb'
                         : Input : variable 'muoGlbDeltaEtaPhi' <---> Output : variable 'muoGlbDeltaEtaPhi'
                         : Input : variable 'muoStaRelChi2' <---> Output : variable 'muoStaRelChi2'
                         : Input : variable 'muoTimeAtIpInOut' <---> Output : variable 'muoTimeAtIpInOut'
                         : Input : variable 'muoValPixHits' <---> Output : variable 'muoValPixHits'
                         : Input : variable 'muoNTrkVHits' <---> Output : variable 'muoNTrkVHits'
                         : Input : variable 'muoGNchi2' <---> Output : variable 'muoGNchi2'
                         : Input : variable 'muoVMuHits' <---> Output : variable 'muoVMuHits'
                         : Input : variable 'muoNumMatches' <---> Output : variable 'muoNumMatches'
                         : Input : variable 'muoQprod' <---> Output : variable 'muoQprod'
                         : Input : variable 'trkDxy/trkExy' <---> Output : variable 'trkDxy/trkExy'
                         : Input : variable 'trkDz/trkEz' <---> Output : variable 'trkDz/trkEz'
DNNGlobalBarrel2016wIP...: [dataset] : Create Transformation "G" with events from all classes.
                         : 
                         : Transformation, Variable selection : 
                         : Input : variable 'muoPt' <---> Output : variable 'muoPt'
                         : Input : variable 'abs(muoEta)' <---> Output : variable 'abs(muoEta)'
                         : Input : variable 'muoSegmComp' <---> Output : variable 'muoSegmComp'
                         : Input : variable 'muoChi2LM' <---> Output : variable 'muoChi2LM'
                         : Input : variable 'muoChi2LP' <---> Output : variable 'muoChi2LP'
                         : Input : variable 'muoGlbTrackTailProb' <---> Output : variable 'muoGlbTrackTailProb'
                         : Input : variable 'muoIValFrac' <---> Output : variable 'muoIValFrac'
                         : Input : variable 'muoTrkKink' <---> Output : variable 'muoTrkKink'
                         : Input : variable 'muoGlbKinkFinderLOG' <---> Output : variable 'muoGlbKinkFinderLOG'
                         : Input : variable 'muoTimeAtIpInOutErr' <---> Output : variable 'muoTimeAtIpInOutErr'
                         : Input : variable 'muoOuterChi2' <---> Output : variable 'muoOuterChi2'
                         : Input : variable 'muoInnerChi2' <---> Output : variable 'muoInnerChi2'
                         : Input : variable 'muoTrkRelChi2' <---> Output : variable 'muoTrkRelChi2'
                         : Input : variable 'muoGlbDeltaEtaPhi' <---> Output : variable 'muoGlbDeltaEtaPhi'
                         : Input : variable 'muoStaRelChi2' <---> Output : variable 'muoStaRelChi2'
                         : Input : variable 'muoTimeAtIpInOut' <---> Output : variable 'muoTimeAtIpInOut'
                         : Input : variable 'muoGNchi2' <---> Output : variable 'muoGNchi2'
                         : Input : variable 'muoNumMatches' <---> Output : variable 'muoNumMatches'
                         : Input : variable 'trkDxy/trkExy' <---> Output : variable 'trkDxy/trkExy'
                         : Input : variable 'trkDz/trkEz' <---> Output : variable 'trkDz/trkEz'
DNNGlobalBarrel2016wIP...: [dataset] : Create Transformation "N" with events from all classes.
                         : 
                         : Transformation, Variable selection : 
                         : Input : variable 'muoPt' <---> Output : variable 'muoPt'
                         : Input : variable 'abs(muoEta)' <---> Output : variable 'abs(muoEta)'
                         : Input : variable 'muoSegmComp' <---> Output : variable 'muoSegmComp'
                         : Input : variable 'muoChi2LM' <---> Output : variable 'muoChi2LM'
                         : Input : variable 'muoChi2LP' <---> Output : variable 'muoChi2LP'
                         : Input : variable 'muoGlbTrackTailProb' <---> Output : variable 'muoGlbTrackTailProb'
                         : Input : variable 'muoIValFrac' <---> Output : variable 'muoIValFrac'
                         : Input : variable 'muoLWH' <---> Output : variable 'muoLWH'
                         : Input : variable 'muoTrkKink' <---> Output : variable 'muoTrkKink'
                         : Input : variable 'muoGlbKinkFinderLOG' <---> Output : variable 'muoGlbKinkFinderLOG'
                         : Input : variable 'muoTimeAtIpInOutErr' <---> Output : variable 'muoTimeAtIpInOutErr'
                         : Input : variable 'muoOuterChi2' <---> Output : variable 'muoOuterChi2'
                         : Input : variable 'muoInnerChi2' <---> Output : variable 'muoInnerChi2'
                         : Input : variable 'muoTrkRelChi2' <---> Output : variable 'muoTrkRelChi2'
                         : Input : variable 'muoVMuonHitComb' <---> Output : variable 'muoVMuonHitComb'
                         : Input : variable 'muoGlbDeltaEtaPhi' <---> Output : variable 'muoGlbDeltaEtaPhi'
                         : Input : variable 'muoStaRelChi2' <---> Output : variable 'muoStaRelChi2'
                         : Input : variable 'muoTimeAtIpInOut' <---> Output : variable 'muoTimeAtIpInOut'
                         : Input : variable 'muoValPixHits' <---> Output : variable 'muoValPixHits'
                         : Input : variable 'muoNTrkVHits' <---> Output : variable 'muoNTrkVHits'
                         : Input : variable 'muoGNchi2' <---> Output : variable 'muoGNchi2'
                         : Input : variable 'muoVMuHits' <---> Output : variable 'muoVMuHits'
                         : Input : variable 'muoNumMatches' <---> Output : variable 'muoNumMatches'
                         : Input : variable 'muoQprod' <---> Output : variable 'muoQprod'
                         : Input : variable 'trkDxy/trkExy' <---> Output : variable 'trkDxy/trkExy'
                         : Input : variable 'trkDz/trkEz' <---> Output : variable 'trkDz/trkEz'
                         : Load model from file: modelBarrel16wIPwoIso.h5
Factory                  : Booking method: [1mBDTGlobalBarrel2016wIPwoIso[0m
                         : 
DataSetFactory           : [dataset] : Number of events in input trees
                         : Dataset[dataset] :     Signal     requirement: "muoPt>=2&&(muoEvt%10)<8&&abs(muoEta)<1.2&&abs(muoLund)==13&&muoAncestor>=0"
                         : Dataset[dataset] :     Signal          -- number of events passed: 1449210  / sum of weights: 1.44921e+06
                         : Dataset[dataset] :     Signal          -- efficiency             : 0.204981
                         : Dataset[dataset] :     Background requirement: "muoPt>=2&&(muoEvt%10)<8&&abs(muoEta)<1.2&&abs(muoLund)!=13"
                         : Dataset[dataset] :     Background      -- number of events passed: 287128  / sum of weights: 287128
                         : Dataset[dataset] :     Background      -- efficiency             : 0.0406124
                         : Dataset[dataset] :  you have opted for interpreting the requested number of training/testing events
                         :  to be the number of events AFTER your preselection cuts
                         : 
                         : Dataset[dataset] :  you have opted for interpreting the requested number of training/testing events
                         :  to be the number of events AFTER your preselection cuts
                         : 
                         : Number of training and testing events
                         : ---------------------------------------------------------------------------
                         : Signal     -- training events            : 140000
                         : Signal     -- testing events             : 140000
                         : Signal     -- training and testing events: 280000
                         : Dataset[dataset] : Signal     -- due to the preselection a scaling factor has been applied to the numbers of requested events: 0.204981
                         : Background -- training events            : 280000
                         : Background -- testing events             : 7128
                         : Background -- training and testing events: 287128
                         : Dataset[dataset] : Background -- due to the preselection a scaling factor has been applied to the numbers of requested events: 0.0406124
                         : 
DataSetInfo              : Correlation matrix (Signal):
                         : -----------------------------------------------------------------------------------------------------------------------------------------------------------------------------------------------------------------------------------------------------------------------------------------------------------------------------------------------------------------------------
                         :                        muoPt abs(muoEta) muoSegmComp muoChi2LM muoChi2LP muoGlbTrackTailProb muoIValFrac  muoLWH muoTrkKink muoGlbKinkFinderLOG muoTimeAtIpInOutErr muoOuterChi2 muoInnerChi2 muoTrkRelChi2 muoVMuonHitComb muoGlbDeltaEtaPhi muoStaRelChi2 muoTimeAtIpInOut muoValPixHits muoNTrkVHits muoGNchi2 muoVMuHits muoNumMatches muoQprod trkDxy/trkExy trkDz/trkEz
                         :               muoPt:  +1.000      -0.036      +0.147    -0.034    +0.026              +0.001      -0.006  +0.017     -0.031              -0.088              -0.139       -0.086       +0.024        +0.145          +0.251            -0.395        +0.025           +0.105        -0.007       +0.002    -0.019     +0.258        +0.292   +0.064        +0.127      -0.001
                         :         abs(muoEta):  -0.036      +1.000      -0.054    +0.024    -0.024              +0.008      +0.044  -0.416     +0.049              +0.059              +0.333       +0.015       +0.040        +0.042          -0.026            +0.080        +0.011           +0.108        +0.047       -0.243    -0.000     -0.238        -0.094   -0.125        -0.019      +0.005
                         :         muoSegmComp:  +0.147      -0.054      +1.000    -0.073    -0.153              -0.001      -0.003  +0.037     -0.013              +0.045              -0.126       -0.054       +0.000        +0.028          +0.330            -0.348        -0.006           +0.051        -0.003       +0.018    -0.005     +0.325        +0.626   +0.051        +0.025      +0.001
                         :           muoChi2LM:  -0.034      +0.024      -0.073    +1.000    +0.292              +0.098      -0.001  -0.033     +0.005              -0.087              +0.104       +0.164       -0.003        +0.006          -0.285            +0.188        +0.087           +0.023        +0.002       -0.018    +0.033     -0.276        -0.124   -0.387        -0.007      -0.000
                         :           muoChi2LP:  +0.026      -0.024      -0.153    +0.292    +1.000              +0.094      -0.006  +0.008     +0.001              -0.018              -0.001       +0.045       +0.000        +0.002          -0.079            +0.322        +0.033           +0.008        -0.003       +0.005    +0.008     -0.073        -0.071   -0.043        +0.004      -0.008
                         : muoGlbTrackTailProb:  +0.001      +0.008      -0.001    +0.098    +0.094              +1.000      -0.000  -0.001     +0.039              +0.027              +0.001       -0.001       +0.052        +0.035          +0.001            +0.037        +0.598           +0.002        +0.005       +0.003    +0.037     +0.001        +0.003   -0.018        +0.002      -0.001
                         :         muoIValFrac:  -0.006      +0.044      -0.003    -0.001    -0.006              -0.000      +1.000  +0.411     +0.046              +0.007              +0.022       +0.002       +0.017        +0.020          -0.004            +0.002        -0.000           +0.008        +0.275       +0.385    -0.003     -0.017        -0.004   -0.009        +0.006      +0.002
                         :              muoLWH:  +0.017      -0.416      +0.037    -0.033    +0.008              -0.001      +0.411  +1.000     +0.040              +0.010              -0.241       -0.021       +0.009        -0.015          +0.022            -0.035        -0.005           -0.066        +0.228       +0.756    +0.000     +0.173        +0.053   +0.099        +0.013      +0.013
                         :          muoTrkKink:  -0.031      +0.049      -0.013    +0.005    +0.001              +0.039      +0.046  +0.040     +1.000              +0.012              +0.021       +0.003       +0.753        +0.379          -0.011            +0.026        -0.003           +0.003        +0.053       +0.069    +0.002     -0.019        -0.019   -0.012        +0.001      -0.002
                         : muoGlbKinkFinderLOG:  -0.088      +0.059      +0.045    -0.087    -0.018              +0.027      +0.007  +0.010     +0.012              +1.000              +0.263       -0.305       +0.014        -0.007          +0.430            -0.068        +0.012           -0.050        +0.024       +0.012    +0.016     +0.405        +0.177   +0.056        -0.011      +0.001
                         : muoTimeAtIpInOutErr:  -0.139      +0.333      -0.126    +0.104    -0.001              +0.001      +0.022  -0.241     +0.021              +0.263              +1.000       -0.194       +0.009        +0.017          -0.157            +0.134        +0.015           -0.061        +0.017       -0.157    +0.016     -0.289        -0.197   -0.178        -0.028      +0.001
                         :        muoOuterChi2:  -0.086      +0.015      -0.054    +0.164    +0.045              -0.001      +0.002  -0.021     +0.003              -0.305              -0.194       +1.000       -0.007        -0.016          -0.293            +0.204        -0.010           +0.025        +0.006       -0.013    -0.001     -0.267        -0.154   -0.166        -0.014      -0.002
                         :        muoInnerChi2:  +0.024      +0.040      +0.000    -0.003    +0.000              +0.052      +0.017  +0.009     +0.753              +0.014              +0.009       -0.007       +1.000        +0.558          +0.014            -0.009        -0.000           +0.009        +0.055       +0.021    +0.004     +0.005        +0.009   -0.002        +0.011      -0.001
                         :       muoTrkRelChi2:  +0.145      +0.042      +0.028    +0.006    +0.002              +0.035      +0.020  -0.015     +0.379              -0.007              +0.017       -0.016       +0.558        +1.000          +0.059            -0.081        +0.001           +0.033        +0.003       +0.065    +0.002     +0.034        +0.082   -0.013        +0.029      -0.002
                         :     muoVMuonHitComb:  +0.251      -0.026      +0.330    -0.285    -0.079              +0.001      -0.004  +0.022     -0.011              +0.430              -0.157       -0.293       +0.014        +0.059          +1.000            -0.447        -0.009           +0.080        -0.007       +0.002    -0.026     +0.944        +0.693   +0.231        +0.045      +0.002
                         :   muoGlbDeltaEtaPhi:  -0.395      +0.080      -0.348    +0.188    +0.322              +0.037      +0.002  -0.035     +0.026              -0.068              +0.134       +0.204       -0.009        -0.081          -0.447            +1.000        +0.001           -0.093        +0.007       -0.013    +0.035     -0.442        -0.482   -0.139        -0.068      -0.002
                         :       muoStaRelChi2:  +0.025      +0.011      -0.006    +0.087    +0.033              +0.598      -0.000  -0.005     -0.003              +0.012              +0.015       -0.010       -0.000        +0.001          -0.009            +0.001        +1.000           +0.001        +0.001       -0.004    +0.017     -0.011        -0.004   -0.006        +0.005      -0.002
                         :    muoTimeAtIpInOut:  +0.105      +0.108      +0.051    +0.023    +0.008              +0.002      +0.008  -0.066     +0.003              -0.050              -0.061       +0.025       +0.009        +0.033          +0.080            -0.093        +0.001           +1.000        +0.003       -0.046    -0.023     +0.048        +0.123   -0.027        +0.022      +0.005
                         :       muoValPixHits:  -0.007      +0.047      -0.003    +0.002    -0.003              +0.005      +0.275  +0.228     +0.053              +0.024              +0.017       +0.006       +0.055        +0.003          -0.007            +0.007        +0.001           +0.003        +1.000       +0.268    +0.001     -0.019        -0.007   -0.009        +0.010      +0.015
                         :        muoNTrkVHits:  +0.002      -0.243      +0.018    -0.018    +0.005              +0.003      +0.385  +0.756     +0.069              +0.012              -0.157       -0.013       +0.021        +0.065          +0.002            -0.013        -0.004           -0.046        +0.268       +1.000    +0.000     +0.101        +0.018   +0.064        +0.007      +0.002
                         :           muoGNchi2:  -0.019      -0.000      -0.005    +0.033    +0.008              +0.037      -0.003  +0.000     +0.002              +0.016              +0.016       -0.001       +0.004        +0.002          -0.026            +0.035        +0.017           -0.023        +0.001       +0.000    +1.000     -0.024        -0.027   -0.017        -0.001      +0.000
                         :          muoVMuHits:  +0.258      -0.238      +0.325    -0.276    -0.073              +0.001      -0.017  +0.173     -0.019              +0.405              -0.289       -0.267       +0.005        +0.034          +0.944            -0.442        -0.011           +0.048        -0.019       +0.101    -0.024     +1.000        +0.674   +0.234        +0.049      +0.001
                         :       muoNumMatches:  +0.292      -0.094      +0.626    -0.124    -0.071              +0.003      -0.004  +0.053     -0.019              +0.177              -0.197       -0.154       +0.009        +0.082          +0.693            -0.482        -0.004           +0.123        -0.007       +0.018    -0.027     +0.674        +1.000   +0.101        +0.052      +0.000
                         :            muoQprod:  +0.064      -0.125      +0.051    -0.387    -0.043              -0.018      -0.009  +0.099     -0.012              +0.056              -0.178       -0.166       -0.002        -0.013          +0.231            -0.139        -0.006           -0.027        -0.009       +0.064    -0.017     +0.234        +0.101   +1.000        +0.013      -0.001
                         :       trkDxy/trkExy:  +0.127      -0.019      +0.025    -0.007    +0.004              +0.002      +0.006  +0.013     +0.001              -0.011              -0.028       -0.014       +0.011        +0.029          +0.045            -0.068        +0.005           +0.022        +0.010       +0.007    -0.001     +0.049        +0.052   +0.013        +1.000      -0.003
                         :         trkDz/trkEz:  -0.001      +0.005      +0.001    -0.000    -0.008              -0.001      +0.002  +0.013     -0.002              +0.001              +0.001       -0.002       -0.001        -0.002          +0.002            -0.002        -0.002           +0.005        +0.015       +0.002    +0.000     +0.001        +0.000   -0.001        -0.003      +1.000
                         : -----------------------------------------------------------------------------------------------------------------------------------------------------------------------------------------------------------------------------------------------------------------------------------------------------------------------------------------------------------------------------
DataSetInfo              : Correlation matrix (Background):
                         : -----------------------------------------------------------------------------------------------------------------------------------------------------------------------------------------------------------------------------------------------------------------------------------------------------------------------------------------------------------------------------
                         :                        muoPt abs(muoEta) muoSegmComp muoChi2LM muoChi2LP muoGlbTrackTailProb muoIValFrac  muoLWH muoTrkKink muoGlbKinkFinderLOG muoTimeAtIpInOutErr muoOuterChi2 muoInnerChi2 muoTrkRelChi2 muoVMuonHitComb muoGlbDeltaEtaPhi muoStaRelChi2 muoTimeAtIpInOut muoValPixHits muoNTrkVHits muoGNchi2 muoVMuHits muoNumMatches muoQprod trkDxy/trkExy trkDz/trkEz
                         :               muoPt:  +1.000      -0.115      -0.071    +0.194    +0.209              +0.170      +0.017  +0.060     -0.015              -0.021              -0.107       -0.026       +0.015        +0.135          +0.180            -0.281        +0.092           +0.011        -0.007       +0.037    -0.026     +0.211        +0.226   -0.020        +0.092      -0.006
                         :         abs(muoEta):  -0.115      +1.000      -0.004    -0.027    -0.050              -0.031      +0.011  -0.354     +0.018              +0.119              +0.313       -0.001       +0.002        +0.010          +0.039            +0.083        +0.004           +0.028        +0.047       -0.235    -0.022     -0.153        -0.068   -0.103        -0.027      +0.003
                         :         muoSegmComp:  -0.071      -0.004      +1.000    -0.210    -0.178              -0.119      +0.009  +0.009     +0.085              +0.088              +0.003       -0.106       +0.083        +0.033          +0.300            -0.215        -0.049           +0.009        -0.024       +0.013    -0.017     +0.296        +0.600   +0.157        -0.008      +0.001
                         :           muoChi2LM:  +0.194      -0.027      -0.210    +1.000    +0.432              +0.656      +0.011  +0.018     -0.048              -0.009              -0.038       +0.119       -0.039        +0.009          -0.145            +0.133        +0.195           -0.037        +0.005       +0.010    +0.098     -0.137        -0.142   -0.382        +0.022      -0.000
                         :           muoChi2LP:  +0.209      -0.050      -0.178    +0.432    +1.000              +0.290      -0.005  +0.021     -0.037              +0.002              -0.038       +0.076       -0.029        +0.014          -0.050            +0.252        +0.122           -0.019        -0.000       +0.013    +0.031     -0.043        -0.108   -0.101        +0.034      -0.006
                         : muoGlbTrackTailProb:  +0.170      -0.031      -0.119    +0.656    +0.290              +1.000      +0.006  +0.024     +0.002              +0.118              +0.017       -0.021       +0.013        +0.034          -0.002            +0.062        +0.346           -0.036        +0.005       +0.017    +0.092     +0.006        -0.060   -0.199        +0.017      +0.001
                         :         muoIValFrac:  +0.017      +0.011      +0.009    +0.011    -0.005              +0.006      +1.000  +0.692     +0.091              -0.008              +0.004       +0.006       +0.033        +0.015          -0.015            -0.021        +0.005           +0.000        +0.162       +0.629    -0.002     -0.019        -0.005   -0.011        -0.001      -0.004
                         :              muoLWH:  +0.060      -0.354      +0.009    +0.018    +0.021              +0.024      +0.692  +1.000     +0.112              -0.048              -0.174       +0.001       +0.066        +0.016          -0.029            -0.055        +0.003           -0.014        +0.194       +0.832    +0.005     +0.080        +0.026   +0.058        +0.010      +0.010
                         :          muoTrkKink:  -0.015      +0.018      +0.085    -0.048    -0.037              +0.002      +0.091  +0.112     +1.000              +0.003              +0.008       -0.025       +0.863        +0.455          +0.047            -0.065        -0.011           +0.009        +0.060       +0.128    -0.016     +0.051        +0.096   +0.026        -0.011      +0.004
                         : muoGlbKinkFinderLOG:  -0.021      +0.119      +0.088    -0.009    +0.002              +0.118      -0.008  -0.048     +0.003              +1.000              +0.465       -0.362       +0.010        +0.014          +0.529            +0.019        +0.035           -0.034        +0.037       -0.029    +0.068     +0.483        +0.159   +0.071        +0.010      +0.001
                         : muoTimeAtIpInOutErr:  -0.107      +0.313      +0.003    -0.038    -0.038              +0.017      +0.004  -0.174     +0.008              +0.465              +1.000       -0.263       +0.001        +0.012          +0.085            +0.044        +0.031           -0.004        +0.021       -0.122    +0.022     -0.033        -0.050   -0.053        -0.017      +0.003
                         :        muoOuterChi2:  -0.026      -0.001      -0.106    +0.119    +0.076              -0.021      +0.006  +0.001     -0.025              -0.362              -0.263       +1.000       -0.027        -0.017          -0.312            +0.114        -0.013           +0.006        +0.007       -0.002    -0.014     -0.295        -0.152   -0.150        -0.008      -0.000
                         :        muoInnerChi2:  +0.015      +0.002      +0.083    -0.039    -0.029              +0.013      +0.033  +0.066     +0.863              +0.010              +0.001       -0.027       +1.000        +0.568          +0.056            -0.073        -0.009           +0.010        +0.035       +0.064    -0.016     +0.064        +0.109   +0.026        -0.005      +0.004
                         :       muoTrkRelChi2:  +0.135      +0.010      +0.033    +0.009    +0.014              +0.034      +0.015  +0.016     +0.455              +0.014              +0.012       -0.017       +0.568        +1.000          +0.077            -0.079        +0.005           +0.007        +0.006       +0.067    -0.010     +0.069        +0.122   -0.001        +0.012      -0.001
                         :     muoVMuonHitComb:  +0.180      +0.039      +0.300    -0.145    -0.050              -0.002      -0.015  -0.029     +0.047              +0.529              +0.085       -0.312       +0.056        +0.077          +1.000            -0.272        -0.032           +0.028        -0.010       -0.023    -0.027     +0.949        +0.595   +0.242        +0.037      -0.001
                         :   muoGlbDeltaEtaPhi:  -0.281      +0.083      -0.215    +0.133    +0.252              +0.062      -0.021  -0.055     -0.065              +0.019              +0.044       +0.114       -0.073        -0.079          -0.272            +1.000        +0.022           -0.046        +0.017       -0.039    +0.052     -0.297        -0.387   -0.071        -0.030      -0.000
                         :       muoStaRelChi2:  +0.092      +0.004      -0.049    +0.195    +0.122              +0.346      +0.005  +0.003     -0.011              +0.035              +0.031       -0.013       -0.009        +0.005          -0.032            +0.022        +1.000           -0.007        +0.002       +0.001    +0.034     -0.031        -0.038   -0.062        +0.006      -0.002
                         :    muoTimeAtIpInOut:  +0.011      +0.028      +0.009    -0.037    -0.019              -0.036      +0.000  -0.014     +0.009              -0.034              -0.004       +0.006       +0.010        +0.007          +0.028            -0.046        -0.007           +1.000        -0.002       -0.011    -0.013     +0.022        +0.018   +0.010        +0.002      -0.002
                         :       muoValPixHits:  -0.007      +0.047      -0.024    +0.005    -0.000              +0.005      +0.162  +0.194     +0.060              +0.037              +0.021       +0.007       +0.035        +0.006          -0.010            +0.017        +0.002           -0.002        +1.000       +0.218    -0.001     -0.022        -0.021   -0.011        -0.001      +0.022
                         :        muoNTrkVHits:  +0.037      -0.235      +0.013    +0.010    +0.013              +0.017      +0.629  +0.832     +0.128              -0.029              -0.122       -0.002       +0.064        +0.067          -0.023            -0.039        +0.001           -0.011        +0.218       +1.000    -0.002     +0.055        +0.015   +0.046        +0.004      -0.001
                         :           muoGNchi2:  -0.026      -0.022      -0.017    +0.098    +0.031              +0.092      -0.002  +0.005     -0.016              +0.068              +0.022       -0.014       -0.016        -0.010          -0.027            +0.052        +0.034           -0.013        -0.001       -0.002    +1.000     -0.024        -0.054   -0.094        -0.001      +0.001
                         :          muoVMuHits:  +0.211      -0.153      +0.296    -0.137    -0.043              +0.006      -0.019  +0.080     +0.051              +0.483              -0.033       -0.295       +0.064        +0.069          +0.949            -0.297        -0.031           +0.022        -0.022       +0.055    -0.024     +1.000        +0.604   +0.247        +0.043      -0.002
                         :       muoNumMatches:  +0.226      -0.068      +0.600    -0.142    -0.108              -0.060      -0.005  +0.026     +0.096              +0.159              -0.050       -0.152       +0.109        +0.122          +0.595            -0.387        -0.038           +0.018        -0.021       +0.015    -0.054     +0.604        +1.000   +0.146        +0.030      -0.002
                         :            muoQprod:  -0.020      -0.103      +0.157    -0.382    -0.101              -0.199      -0.011  +0.058     +0.026              +0.071              -0.053       -0.150       +0.026        -0.001          +0.242            -0.071        -0.062           +0.010        -0.011       +0.046    -0.094     +0.247        +0.146   +1.000        +0.007      -0.003
                         :       trkDxy/trkExy:  +0.092      -0.027      -0.008    +0.022    +0.034              +0.017      -0.001  +0.010     -0.011              +0.010              -0.017       -0.008       -0.005        +0.012          +0.037            -0.030        +0.006           +0.002        -0.001       +0.004    -0.001     +0.043        +0.030   +0.007        +1.000      -0.002
                         :         trkDz/trkEz:  -0.006      +0.003      +0.001    -0.000    -0.006              +0.001      -0.004  +0.010     +0.004              +0.001              +0.003       -0.000       +0.004        -0.001          -0.001            -0.000        -0.002           -0.002        +0.022       -0.001    +0.001     -0.002        -0.002   -0.003        -0.002      +1.000
                         : -----------------------------------------------------------------------------------------------------------------------------------------------------------------------------------------------------------------------------------------------------------------------------------------------------------------------------------------------------------------------------
DataSetFactory           : [dataset] :  
                         : 
Factory                  : [1mTrain all methods[0m
Factory                  : [dataset] : Create Transformation "I" with events from all classes.
                         : 
                         : Transformation, Variable selection : 
                         : Input : variable 'muoPt' <---> Output : variable 'muoPt'
                         : Input : variable 'abs(muoEta)' <---> Output : variable 'abs(muoEta)'
                         : Input : variable 'muoSegmComp' <---> Output : variable 'muoSegmComp'
                         : Input : variable 'muoChi2LM' <---> Output : variable 'muoChi2LM'
                         : Input : variable 'muoChi2LP' <---> Output : variable 'muoChi2LP'
                         : Input : variable 'muoGlbTrackTailProb' <---> Output : variable 'muoGlbTrackTailProb'
                         : Input : variable 'muoIValFrac' <---> Output : variable 'muoIValFrac'
                         : Input : variable 'muoLWH' <---> Output : variable 'muoLWH'
                         : Input : variable 'muoTrkKink' <---> Output : variable 'muoTrkKink'
                         : Input : variable 'muoGlbKinkFinderLOG' <---> Output : variable 'muoGlbKinkFinderLOG'
                         : Input : variable 'muoTimeAtIpInOutErr' <---> Output : variable 'muoTimeAtIpInOutErr'
                         : Input : variable 'muoOuterChi2' <---> Output : variable 'muoOuterChi2'
                         : Input : variable 'muoInnerChi2' <---> Output : variable 'muoInnerChi2'
                         : Input : variable 'muoTrkRelChi2' <---> Output : variable 'muoTrkRelChi2'
                         : Input : variable 'muoVMuonHitComb' <---> Output : variable 'muoVMuonHitComb'
                         : Input : variable 'muoGlbDeltaEtaPhi' <---> Output : variable 'muoGlbDeltaEtaPhi'
                         : Input : variable 'muoStaRelChi2' <---> Output : variable 'muoStaRelChi2'
                         : Input : variable 'muoTimeAtIpInOut' <---> Output : variable 'muoTimeAtIpInOut'
                         : Input : variable 'muoValPixHits' <---> Output : variable 'muoValPixHits'
